1370543918 1
1370544053 2
1370544727 3
1370546570 4
1370546648 5
1370546707 6
1370546763 7
1370546873 8
1370547066 9
1370547398 10
1370547785 11
1370547908 12
1370548050 13
1370548084 14
1370548165 15
1370548339 16
1370548531 17
1370548741 18
1370548835 19
1370548907 20
1370548968 21
1370549111 22
1370549527 23
1370549620 24
1370549844 25
1370549943 26
1370550970 27
1370551047 28
1370551134 29
1370551242 30
1390738656 31
1390740197 32
1390745001 33
1390745176 34
1390745430 35
1390745487 36
1390745527 37
1390745618 38
1390746040 39
1390746132 40
1390746187 41
1390746246 42
1390746332 43
1390746367 44
1390746425 45
1390746860 46
1390746938 47
1390747010 48
1390747284 49
1390747376 50
1390747477 51
1390747655 52
1390748098 53
1390748230 54
1390751843 55
1390751942 56
1390751986 57
1390752152 58
1390752426 59
1390752475 60
1390752591 61
1390752734 62
1390752880 63
1390752929 64
1390753166 65
1390753263 66
1390753423 67
1390753639 68
1390754189 69
1390754215 70
1390914718 71
1390914890 72
1390915685 73
1390915797 74
1390916087 75
1390916289 76
1390917735 77
1390917828 78
1390917985 79
1390918207 80
1390918383 81
1390918488 82
1390920982 83
1390921244 84
1390921295 85
1390926386 86
1390926707 87
1390928681 88
1390928714 89
1390928748 90
1390928791 91
1390928843 92
1390928883 93
1390929013 94
1390929087 95
1390929153 96
1390929191 97
1390929356 98
1390931495 99
1390931859 100
1390931947 101
1390932051 102
1390932115 103
1390932752 104
1390932890 105
1390933127 106
1390933288 107
1390933694 108
1390933803 109
1390935947 110
1390936011 111
1390936073 112
1390936186 113
1390936296 114
1390936385 115
1390936956 116
1390938354 117
1390938482 118
1390938807 119
1390938945 120
1390939121 121
1390939272 122
1390939334 123
1390939406 124
1390939520 125
1390939850 126
1390956365 127
1390956484 128
1390956805 129
1390956906 130
1390957080 131
1390957354 132
1390957472 133
1390987631 134
1390987655 135
1390987717 136
1390989468 137
1390989631 138
1390989713 139
1390989766 140
1390989837 141
1390990095 142
1390990147 143
1390990192 144
1390990293 145
1390990421 146
1390990587 147
1390990742 148
1390992302 149
1390992514 150
1390992549 151
1390992778 152
1390992851 153
1390992924 154
1390993103 155
1390993141 156
1390993205 157
1391009656 158
1391009673 159
1391013796 160
1391069165 161
1391170954 162
1391171014 163
1391171037 164
1391171074 165
1391171666 166
1391171895 167
1391172095 168
1391172130 169
1391172342 170
1391172548 171
1391172782 172
1391172884 173
1391173136 174
1391173232 175
1391173297 176
1391173597 177
1391173682 178
1391173725 179
1391173794 180
1391173938 181
1391173973 182
1391174083 183
1391174216 184
1391174346 185
1391174381 186
1391174414 187
1391174513 188
1391174563 189
1391175652 190
1391177560 191
1391178944 192
1391178965 193
1391179220 194
1391179300 195
1391179382 196
1391179500 197
1391179879 198
1391180095 199
1391180534 200
1391180702 201
1391180744 202
1391183476 203
1391183539 204
1391183605 205
1391183776 206
1391183872 207
1391183906 208
1391184059 209
1391184248 210
1391184332 211
1391184461 212
1391184685 213
1391184840 214
1391184894 215
1391185259 216
1391185332 217
1391185393 218
1391185484 219
1391185563 220
1391185706 221
1391185762 222
1391185802 223
1391185875 224
1391185925 225
1391185986 226
1391186106 227
1391186279 228
1391186907 229
1391249669 230
1391249805 231
1391250167 232
1391250353 233
1391250420 234
1391251099 235
1391251256 236
1391251675 237
1391251934 238
1391252229 239
1391261703 240
1391261797 241
1391261860 242
1391261944 243
1391261993 244
1391262600 245
1391262728 246
1391262762 247
1391262921 248
1391262960 249
1391263748 250
1391263768 251
1391269151 252
1391269429 253
1391269498 254
1391269558 255
1391269614 256
1391269661 257
1391269798 258
1391269842 259
1391269950 260
1391272104 261
1391272268 262
1391272307 263
1391272334 264
1391272596 265
1391272825 266
1391273015 267
1391273183 268
1391273244 269
1391273307 270
1391274166 271
1391274244 272
1391274290 273
1391274461 274
1391274504 275
1391274604 276
1391274715 277
1391274852 278
1391274888 279
1391274963 280
1391275011 281
1391275156 282
1391275182 283
1391275269 284
1391275330 285
1391276184 286
1391276471 287
1391276480 288
1391276544 289
1391276652 290
1391276765 291
1391276907 292
1391281729 293
1391282298 294
1391282588 295
1391282661 296
1391282910 297
1391283095 298
1391283246 299
1391283434 300
1391283790 301
1391283871 302
1391283902 303
1391283972 304
1391284174 305
1391284284 306
1391284322 307
1391284344 308
1391284846 309
1391284918 310
1391285124 311
1391285164 312
1391285264 313
1391285342 314
1391285390 315
1391285473 316
1391285537 317
1391285829 318
1391286396 319
1391286407 320
1391290114 321
1391290466 322
1391290512 323
1391290649 324
1391290727 325
1391290785 326
1391291098 327
1391291605 328
1391291679 329
1391291798 330
1391292304 331
1391292327 332
1391292578 333
1391292651 334
1391293154 335
1391293270 336
1391293669 337
1391293729 338
1391293759 339
1391294049 340
1391294570 341
1391294661 342
1391296569 343
1391296728 344
1391296841 345
1391296924 346
1391296997 347
1391297142 348
1391297247 349
1391297445 350
1391297517 351
1391297637 352
1391297756 353
1391297828 354
1391297912 355
1391298042 356
1391298601 357
1391298968 358
1391299121 359
1391299200 360
1391299465 361
1391299531 362
1391299600 363
1391299651 364
1391299702 365
1391300177 366
1391300214 367
1391349280 368
1391349372 369
1391353850 370
1391367568 371
1391367773 372
1391367858 373
1391367902 374
1391367948 375
1391367997 376
1391368065 377
1391368123 378
1391368469 379
1391368511 380
1391368709 381
1391368873 382
1391368927 383
1391368944 384
1391369024 385
1391369143 386
1391369198 387
1391369321 388
1391369878 389
1391370028 390
1391370134 391
1391437737 392
1391438224 393
1391438350 394
1391438652 395
1391447161 396
1391447228 397
1391447275 398
1391447306 399
1391447435 400
1391447523 401
1391447652 402
1391447743 403
1391447757 404
1391447960 405
1391447996 406
1391448131 407
1391448218 408
1391448422 409
1391448481 410
1391448527 411
1391448714 412
1391448805 413
1391448963 414
1391449018 415
1391449383 416
1391449443 417
1391449524 418
1391449606 419
1391449672 420
1391449785 421
1391449977 422
1391450236 423
1391450427 424
1391450500 425
1391450877 426
1391451100 427
1391536145 428
1391536422 429
1391536577 430
1391536628 431
1391536671 432
1391536718 433
1391537141 434
1391537554 435
1391538202 436
1391538374 437
1391538507 438
1391538864 439
1391539027 440
1391539089 441
1391539178 442
1391540166 443
1391540333 444
1391540376 445
1391540619 446
1391540764 447
1391544201 448
1391544253 449
1391544378 450
1391544471 451
1391544813 452
1391544882 453
1391545041 454
1391545367 455
1391545431 456
1391545463 457
1391545804 458
1391545967 459
1391546257 460
1391546424 461
1391546557 462
1391546745 463
1391546789 464
1391546874 465
1391546987 466
1391547054 467
1391547457 468
1391547489 469
1391547546 470
1391547773 471
1391547970 472
1391548045 473
1391548423 474
1391548552 475
1391548731 476
1391548963 477
1391549032 478
1391549104 479
1391549308 480
1391549357 481
1391549449 482
1391549852 483
1391622579 484
1391622677 485
1391622745 486
1391622918 487
1391623081 488
1392057934 489
1392058258 490
1392058478 491
1392058509 492
1392059290 493
1394468075 494
1394468189 495
1394468242 496
1394468639 497
1394468959 498
1394469051 499
1394469189 500
1394469284 501
1394470237 502
1394470390 503
1394470423 504
1394470722 505
1394470838 506
1394471236 507
1394471523 508
1394471570 509
1394484977 510
1394485590 511
1395014707 512
1395015063 513
1395015623 514
1395015865 515
1395015936 516
1395016156 517
1395017252 518
1395017814 519
1395018905 520
1395018965 521
1395019330 522
1395082324 523
1395082772 524
1395083032 525
1395085436 526
1395086855 527
1395097544 528
1395098156 529
1395136663 530
1395136829 531
1395136935 532
1395136989 533
1395137130 534
1395137220 535
1395137426 536
1395137476 537
1395137654 538
1395137742 539
1395137779 540
1395237652 541
1395237892 542
1395237937 543
1395237998 544
1395238055 545
1395238250 546
1395238422 547
1395239168 548
1395239257 549
1395239327 550
1395239386 551
1395239480 552
1395239656 553
1395239751 554
1395239791 555
1395240266 556
1395240378 557
1395240460 558
1395240492 559
1395240522 560
1395240617 561
1395240655 562
1395240755 563
1395242174 564
1395242248 565
1395242294 566
1395242459 567
1395242639 568
1395242915 569
1395243241 570
1395243297 571
1395243683 572
1395243869 573
1395244006 574
1395244128 575
1395244207 576
1395279761 577
1395279863 578
1395280007 579
1395280840 580
1395282621 581
1395282675 582
1395284034 583
1395284102 584
1395285539 585
1395285799 586
1395285881 587
1395285985 588
1395286006 589
1395286378 590
1395286587 591
1395286640 592
1395286937 593
1395288417 594
1395288486 595
1395288571 596
1395288835 597
1395289172 598
1395338570 599
1395340395 600
1395341682 601
1395342839 602
1395343334 603
1395343526 604
1395343607 605
1395344071 606
1395344152 607
1395344224 608
1395350612 609
1395350737 610
1395352369 611
1395352488 612
1395405817 613
1395407153 614
1395407197 615
1395407616 616
1395407721 617
1395407764 618
1395407850 619
1395407988 620
1395408622 621
1395408987 622
1395409051 623
1395417979 624
1395488438 625
1395488507 626
1395500536 627
1395500660 628
1395500684 629
1395500764 630
1395500829 631
1395500957 632
1395501032 633
1395501077 634
1395501446 635
1395501518 636
1395501561 637
1395501624 638
1395501708 639
1395501790 640
1395501855 641
1395501880 642
1395502891 643
1395502930 644
1395503052 645
1395503126 646
1395503196 647
1395503286 648
1395506287 649
1395506461 650
1395506568 651
1395509048 652
1395509132 653
1395509361 654
1395509404 655
1395509470 656
1395510955 657
1395511123 658
1395512675 659
1395519357 660
1395526232 661
1395526338 662
1395526379 663
1395526416 664
1395526446 665
1395526482 666
1395526734 667
1395527223 668
1395572617 669
1395572761 670
1395572829 671
1395573755 672
1395573797 673
1395573849 674
1395573929 675
1395574324 676
1395575610 677
1395575694 678
1395575734 679
1395575789 680
1395575842 681
1395575939 682
1395575962 683
1395575987 684
1395576059 685
1395576240 686
1395576269 687
1395576285 688
1395576514 689
1395576565 690
1395576784 691
1395576876 692
1395577028 693
1395578405 694
1395578449 695
1395578527 696
1395584374 697
1395584420 698
1395584468 699
1395584515 700
1395584546 701
