1370543918 29584
1370544053 29584
1370544727 29582
1370546570 29571
1370546648 29571
1370546707 29571
1370546763 29571
1370546873 29572
1370547066 29581
1370547398 29583
1370547785 29587
1370547908 29587
1370548050 29587
1370548084 29587
1370548165 29588
1370548339 29509
1370548531 29519
1370548741 29529
1370548835 29529
1370548907 29530
1370548968 29531
1370549111 29533
1370549527 29536
1370549620 29533
1370549844 29542
1370549943 29545
1370550970 29606
1370551047 29606
1370551134 29607
1370551242 29607
1390738656 29607
1390740197 29616
1390745001 39396
1390745176 39404
1390745430 39410
1390745487 39410
1390745527 39410
1390745618 39412
1390746040 39422
1390746132 39422
1390746187 39423
1390746246 39421
1390746332 39424
1390746367 39421
1390746425 39418
1390746860 39422
1390746938 39423
1390747010 39423
1390747284 39424
1390747376 39424
1390747477 39426
1390747655 39428
1390748098 39426
1390748230 39429
1390751843 39438
1390751942 39438
1390751986 39440
1390752152 39439
1390752426 39441
1390752475 39441
1390752591 39442
1390752734 39442
1390752880 39442
1390752929 39442
1390753166 39444
1390753263 39442
1390753423 39447
1390753639 39457
1390754189 39470
1390754215 39584
1390914718 39584
1390914890 39590
1390915685 39603
1390915797 39603
1390916087 39608
1390916289 39607
1390917735 39640
1390917828 39640
1390917985 39640
1390918207 39645
1390918383 39651
1390918488 39652
1390920982 39726
1390921244 39733
1390921295 39733
1390926386 39733
1390926707 39733
1390928681 39805
1390928714 39789
1390928748 39805
1390928791 39805
1390928843 39805
1390928883 39805
1390929013 39805
1390929087 39805
1390929153 39805
1390929191 39805
1390929356 39805
1390931495 39847
1390931859 39858
1390931947 39859
1390932051 39861
1390932115 39861
1390932752 39862
1390932890 39863
1390933127 39863
1390933288 39864
1390933694 39864
1390933803 39863
1390935947 39863
1390936011 39863
1390936073 39863
1390936186 39863
1390936296 39865
1390936385 39872
1390936956 39872
1390938354 39872
1390938482 39872
1390938807 39880
1390938945 39879
1390939121 39879
1390939272 39876
1390939334 39878
1390939406 39878
1390939520 39875
1390939850 39876
1390956365 39885
1390956484 39885
1390956805 39885
1390956906 39885
1390957080 39885
1390957354 39885
1390957472 39885
1390987631 39902
1390987655 39902
1390987717 39901
1390989468 39940
1390989631 39940
1390989713 39940
1390989766 39940
1390989837 39941
1390990095 39950
1390990147 39949
1390990192 39950
1390990293 39951
1390990421 39946
1390990587 39946
1390990742 39946
1390992302 39946
1390992514 39941
1390992549 39941
1390992778 39944
1390992851 39945
1390992924 39945
1390993103 39945
1390993141 39945
1390993205 39945
1391009656 40061
1391009673 40061
1391013796 40061
1391069165 40096
1391170954 40113
1391171014 40113
1391171037 40113
1391171074 40113
1391171666 40113
1391171895 40113
1391172095 40113
1391172130 40113
1391172342 40113
1391172548 40113
1391172782 40113
1391172884 40113
1391173136 40114
1391173232 40115
1391173297 40115
1391173597 40115
1391173682 40115
1391173725 40115
1391173794 40116
1391173938 40117
1391173973 40117
1391174083 40117
1391174216 40118
1391174346 40120
1391174381 40120
1391174414 40120
1391174513 40120
1391174563 40116
1391175652 40116
1391177560 40117
1391178944 40150
1391178965 40222
1391179220 40234
1391179300 40234
1391179382 40235
1391179500 40242
1391179879 40242
1391180095 40242
1391180534 40241
1391180702 40244
1391180744 40244
1391183476 40266
1391183539 40266
1391183605 40264
1391183776 40265
1391183872 40265
1391183906 40265
1391184059 40266
1391184248 40266
1391184332 40266
1391184461 40271
1391184685 40265
1391184840 40265
1391184894 40265
1391185259 40265
1391185332 40266
1391185393 40266
1391185484 40268
1391185563 40266
1391185706 40265
1391185762 40266
1391185802 40266
1391185875 40265
1391185925 40266
1391185986 40266
1391186106 40265
1391186279 40266
1391186907 40290
1391249669 40296
1391249805 40297
1391250167 40297
1391250353 40297
1391250420 40297
1391251099 40320
1391251256 40320
1391251675 40320
1391251934 40320
1391252229 40320
1391261703 40380
1391261797 40381
1391261860 40383
1391261944 40383
1391261993 40383
1391262600 40399
1391262728 40400
1391262762 40400
1391262921 40401
1391262960 40401
1391263748 40405
1391263768 40405
1391269151 40449
1391269429 40449
1391269498 40449
1391269558 40449
1391269614 40448
1391269661 40449
1391269798 40450
1391269842 40450
1391269950 40450
1391272104 40492
1391272268 40492
1391272307 40492
1391272334 40492
1391272596 40493
1391272825 40430
1391273015 40419
1391273183 40419
1391273244 40419
1391273307 40422
1391274166 40428
1391274244 40428
1391274290 40428
1391274461 40432
1391274504 40432
1391274604 40427
1391274715 40427
1391274852 40429
1391274888 40429
1391274963 40429
1391275011 40429
1391275156 40432
1391275182 40432
1391275269 40433
1391275330 40431
1391276184 40443
1391276471 40449
1391276480 40450
1391276544 40450
1391276652 40450
1391276765 40450
1391276907 40450
1391281729 40449
1391282298 40460
1391282588 40468
1391282661 40519
1391282910 40519
1391283095 40519
1391283246 40522
1391283434 40522
1391283790 40520
1391283871 40520
1391283902 40520
1391283972 40520
1391284174 40522
1391284284 40522
1391284322 40522
1391284344 40522
1391284846 40535
1391284918 40535
1391285124 40535
1391285164 40535
1391285264 40535
1391285342 40535
1391285390 40535
1391285473 40535
1391285537 40535
1391285829 40535
1391286396 40529
1391286407 40536
1391290114 40553
1391290466 40558
1391290512 40558
1391290649 40526
1391290727 40523
1391290785 40523
1391291098 40523
1391291605 40541
1391291679 40541
1391291798 40541
1391292304 40538
1391292327 40538
1391292578 40542
1391292651 40473
1391293154 40479
1391293270 40479
1391293669 40488
1391293729 40488
1391293759 40488
1391294049 40495
1391294570 40498
1391294661 40498
1391296569 40515
1391296728 40514
1391296841 40507
1391296924 40507
1391296997 40507
1391297142 40508
1391297247 40508
1391297445 40508
1391297517 40508
1391297637 40508
1391297756 40508
1391297828 40508
1391297912 40508
1391298042 40508
1391298601 40509
1391298968 40517
1391299121 40517
1391299200 40517
1391299465 40524
1391299531 40526
1391299600 40526
1391299651 40526
1391299702 40526
1391300177 40517
1391300214 40517
1391349280 40518
1391349372 40518
1391353850 40694
1391367568 40694
1391367773 40701
1391367858 40701
1391367902 40702
1391367948 40702
1391367997 40702
1391368065 40702
1391368123 40702
1391368469 40722
1391368511 40722
1391368709 40722
1391368873 40724
1391368927 40722
1391368944 40722
1391369024 40722
1391369143 40722
1391369198 40726
1391369321 40725
1391369878 40725
1391370028 40725
1391370134 40725
1391437737 40755
1391438224 40753
1391438350 40753
1391438652 40753
1391447161 40912
1391447228 40912
1391447275 40912
1391447306 40912
1391447435 40912
1391447523 40913
1391447652 40912
1391447743 40913
1391447757 40913
1391447960 40913
1391447996 40913
1391448131 40913
1391448218 40914
1391448422 40914
1391448481 40914
1391448527 40914
1391448714 40917
1391448805 40918
1391448963 40917
1391449018 40917
1391449383 40926
1391449443 40926
1391449524 40926
1391449606 40926
1391449672 40926
1391449785 40926
1391449977 40927
1391450236 40926
1391450427 40935
1391450500 40935
1391450877 40938
1391451100 40938
1391536145 40934
1391536422 40936
1391536577 40936
1391536628 40936
1391536671 40936
1391536718 40936
1391537141 40936
1391537554 40936
1391538202 40937
1391538374 40938
1391538507 40939
1391538864 40942
1391539027 40942
1391539089 40938
1391539178 40939
1391540166 40950
1391540333 40950
1391540376 40950
1391540619 40950
1391540764 40951
1391544201 40975
1391544253 40975
1391544378 40976
1391544471 40976
1391544813 40982
1391544882 40982
1391545041 40982
1391545367 40985
1391545431 40987
1391545463 40987
1391545804 40989
1391545967 40993
1391546257 40996
1391546424 40996
1391546557 40996
1391546745 40995
1391546789 40994
1391546874 40995
1391546987 40995
1391547054 40992
1391547457 40993
1391547489 40993
1391547546 40993
1391547773 40990
1391547970 40990
1391548045 40990
1391548423 40990
1391548552 40990
1391548731 40990
1391548963 40996
1391549032 40996
1391549104 40996
1391549308 41003
1391549357 41003
1391549449 41003
1391549852 41006
1391622579 41077
1391622677 41077
1391622745 41077
1391622918 41077
1391623081 41077
1392057934 41095
1392058258 41996
1392058478 41996
1392058509 41996
1392059290 42013
1394468075 42014
1394468189 42014
1394468242 42014
1394468639 42006
1394468959 42008
1394469051 42008
1394469189 42015
1394469284 42016
1394470237 42012
1394470390 42013
1394470423 42013
1394470722 42013
1394470838 42014
1394471236 42014
1394471523 42012
1394471570 42012
1394484977 42016
1394485590 42019
1395014707 42051
1395015063 42082
1395015623 42121
1395015865 42121
1395015936 42121
1395016156 42121
1395017252 42162
1395017814 42196
1395018905 42240
1395018965 42240
1395019330 42237
1395082324 42281
1395082772 42321
1395083032 42321
1395085436 42360
1395086855 42399
1395097544 42442
1395098156 42484
1395136663 42515
1395136829 42515
1395136935 42515
1395136989 42515
1395137130 42515
1395137220 42515
1395137426 42515
1395137476 42515
1395137654 42515
1395137742 42516
1395137779 42515
1395237652 42527
1395237892 42528
1395237937 42530
1395237998 42528
1395238055 42529
1395238250 42529
1395238422 42530
1395239168 42544
1395239257 42544
1395239327 42544
1395239386 42544
1395239480 42544
1395239656 42544
1395239751 42544
1395239791 42544
1395240266 42548
1395240378 42548
1395240460 42548
1395240492 42548
1395240522 42548
1395240617 42548
1395240655 42548
1395240755 42548
1395242174 42551
1395242248 42551
1395242294 42551
1395242459 42551
1395242639 42554
1395242915 42547
1395243241 42540
1395243297 42540
1395243683 42551
1395243869 42551
1395244006 42551
1395244128 42551
1395244207 42551
1395279761 42551
1395279863 42551
1395280007 42551
1395280840 42582
1395282621 42628
1395282675 42628
1395284034 42665
1395284102 42665
1395285539 42707
1395285799 42707
1395285881 42707
1395285985 42693
1395286006 42696
1395286378 42707
1395286587 42707
1395286640 42707
1395286937 42707
1395288417 42707
1395288486 42707
1395288571 42707
1395288835 42707
1395289172 42707
1395338570 42753
1395340395 42791
1395341682 42832
1395342839 42873
1395343334 42911
1395343526 42911
1395343607 42911
1395344071 42911
1395344152 42911
1395344224 42911
1395350612 42951
1395350737 42951
1395352369 42991
1395352488 42991
1395405817 43027
1395407153 43027
1395407197 43027
1395407616 43049
1395407721 43049
1395407764 43049
1395407850 43049
1395407988 43051
1395408622 43052
1395408987 43074
1395409051 43074
1395417979 43096
1395488438 43184
1395488507 43184
1395500536 43248
1395500660 43248
1395500684 43248
1395500764 43248
1395500829 43249
1395500957 43251
1395501032 43251
1395501077 43251
1395501446 43252
1395501518 43252
1395501561 43252
1395501624 43252
1395501708 43252
1395501790 43252
1395501855 43249
1395501880 43249
1395502891 43235
1395502930 43235
1395503052 43235
1395503126 43235
1395503196 43235
1395503286 43235
1395506287 43377
1395506461 43377
1395506568 43377
1395509048 43384
1395509132 43384
1395509361 43387
1395509404 43387
1395509470 43387
1395510955 43433
1395511123 43433
1395512675 43433
1395519357 43433
1395526232 43971
1395526338 43971
1395526379 43971
1395526416 43971
1395526446 43971
1395526482 43971
1395526734 43971
1395527223 43971
1395572617 44126
1395572761 44126
1395572829 44126
1395573755 44208
1395573797 44208
1395573849 44208
1395573929 44208
1395574324 44215
1395575610 44238
1395575694 44236
1395575734 44234
1395575789 44234
1395575842 44236
1395575939 44236
1395575962 44236
1395575987 44236
1395576059 44234
1395576240 44236
1395576269 44236
1395576285 44236
1395576514 44246
1395576565 44246
1395576784 44246
1395576876 44247
1395577028 44247
1395578405 44335
1395578449 44335
1395578527 44335
1395584374 44511
1395584420 44511
1395584468 44511
1395584515 44511
1395584546 44511
