1370543918 29584
1370544053 29590
1370544727 29590
1370546570 29590
1370546648 29592
1370546707 29608
1370546763 29609
1370546873 29611
1370547066 29624
1370547398 29632
1370547785 29654
1370547908 29662
1370548050 29675
1370548084 29676
1370548165 29678
1370548339 29688
1370548531 29700
1370548741 29710
1370548835 29711
1370548907 29712
1370548968 29714
1370549111 29718
1370549527 29733
1370549620 29733
1370549844 29745
1370549943 29749
1370550970 29917
1370551047 29918
1370551134 29919
1370551242 29920
1390738656 59527
1390740197 59536
1390745001 69316
1390745176 69325
1390745430 69332
1390745487 69333
1390745527 69334
1390745618 69336
1390746040 69347
1390746132 69350
1390746187 69352
1390746246 69353
1390746332 69356
1390746367 69356
1390746425 69356
1390746860 69360
1390746938 69361
1390747010 69363
1390747284 69365
1390747376 69366
1390747477 69369
1390747655 69372
1390748098 69374
1390748230 69379
1390751843 69391
1390751942 69392
1390751986 69394
1390752152 69394
1390752426 69402
1390752475 69403
1390752591 69404
1390752734 69405
1390752880 69408
1390752929 69411
1390753166 69415
1390753263 69416
1390753423 69422
1390753639 69441
1390754189 69454
1390754215 69568
1390914718 69568
1390914890 69574
1390915685 69589
1390915797 69593
1390916087 69598
1390916289 69609
1390917735 69643
1390917828 69644
1390917985 69648
1390918207 69653
1390918383 69659
1390918488 69661
1390920982 69735
1390921244 69742
1390921295 69743
1390926386 69744
1390926707 69745
1390928681 69821
1390928714 69821
1390928748 69837
1390928791 69838
1390928843 69839
1390928883 69840
1390929013 69841
1390929087 69842
1390929153 69843
1390929191 69844
1390929356 69846
1390931495 69893
1390931859 69906
1390931947 69907
1390932051 69909
1390932115 69911
1390932752 69912
1390932890 69915
1390933127 69916
1390933288 69917
1390933694 69918
1390933803 69918
1390935947 69923
1390936011 69928
1390936073 69929
1390936186 69930
1390936296 69932
1390936385 69939
1390936956 69940
1390938354 69945
1390938482 69946
1390938807 69976
1390938945 69976
1390939121 69977
1390939272 69995
1390939334 69997
1390939406 69998
1390939520 69999
1390939850 70000
1390956365 70012
1390956484 70013
1390956805 70014
1390956906 70015
1390957080 70016
1390957354 70018
1390957472 70019
1390987631 70036
1390987655 70036
1390987717 70036
1390989468 70077
1390989631 70079
1390989713 70080
1390989766 70082
1390989837 70083
1390990095 70096
1390990147 70097
1390990192 70099
1390990293 70102
1390990421 70106
1390990587 70107
1390990742 70108
1390992302 70112
1390992514 70114
1390992549 70115
1390992778 70120
1390992851 70123
1390992924 70124
1390993103 70125
1390993141 70126
1390993205 70127
1391009656 70243
1391009673 70243
1391013796 70246
1391069165 70293
1391170954 70310
1391171014 70311
1391171037 70312
1391171074 70313
1391171666 70318
1391171895 70319
1391172095 70320
1391172130 70321
1391172342 70322
1391172548 70325
1391172782 70327
1391172884 70328
1391173136 70329
1391173232 70330
1391173297 70331
1391173597 70336
1391173682 70338
1391173725 70339
1391173794 70342
1391173938 70343
1391173973 70344
1391174083 70346
1391174216 70347
1391174346 70350
1391174381 70351
1391174414 70352
1391174513 70353
1391174563 70353
1391175652 70356
1391177560 70360
1391178944 70395
1391178965 70467
1391179220 70479
1391179300 70481
1391179382 70482
1391179500 70489
1391179879 70490
1391180095 70491
1391180534 70494
1391180702 70499
1391180744 70500
1391183476 70533
1391183539 70535
1391183605 70543
1391183776 70546
1391183872 70547
1391183906 70548
1391184059 70549
1391184248 70552
1391184332 70553
1391184461 70559
1391184685 70561
1391184840 70562
1391184894 70563
1391185259 70564
1391185332 70565
1391185393 70566
1391185484 70568
1391185563 70570
1391185706 70571
1391185762 70572
1391185802 70573
1391185875 70575
1391185925 70576
1391185986 70577
1391186106 70580
1391186279 70582
1391186907 70607
1391249669 70619
1391249805 70622
1391250167 70624
1391250353 70625
1391250420 70626
1391251099 70681
1391251256 70683
1391251675 70684
1391251934 70685
1391252229 70687
1391261703 70757
1391261797 70764
1391261860 70766
1391261944 70767
1391261993 70768
1391262600 70785
1391262728 70787
1391262762 70788
1391262921 70797
1391262960 70798
1391263748 70802
1391263768 70803
1391269151 70847
1391269429 70850
1391269498 70851
1391269558 70852
1391269614 70853
1391269661 70856
1391269798 70859
1391269842 70860
1391269950 70865
1391272104 70933
1391272268 70934
1391272307 70935
1391272334 70936
1391272596 70938
1391272825 70938
1391273015 70943
1391273183 70945
1391273244 70948
1391273307 70951
1391274166 70958
1391274244 70959
1391274290 70960
1391274461 70965
1391274504 70966
1391274604 70967
1391274715 70968
1391274852 70970
1391274888 70971
1391274963 70972
1391275011 70973
1391275156 70978
1391275182 70979
1391275269 70980
1391275330 70980
1391276184 70995
1391276471 71003
1391276480 71004
1391276544 71005
1391276652 71006
1391276765 71007
1391276907 71008
1391281729 71028
1391282298 71051
1391282588 71064
1391282661 71115
1391282910 71118
1391283095 71120
1391283246 71125
1391283434 71127
1391283790 71138
1391283871 71139
1391283902 71140
1391283972 71141
1391284174 71155
1391284284 71157
1391284322 71158
1391284344 71160
1391284846 71173
1391284918 71174
1391285124 71180
1391285164 71183
1391285264 71188
1391285342 71190
1391285390 71191
1391285473 71193
1391285537 71194
1391285829 71195
1391286396 71198
1391286407 71205
1391290114 71223
1391290466 71231
1391290512 71232
1391290649 71234
1391290727 71236
1391290785 71239
1391291098 71240
1391291605 71259
1391291679 71260
1391291798 71263
1391292304 71271
1391292327 71272
1391292578 71281
1391292651 71281
1391293154 71295
1391293270 71296
1391293669 71307
1391293729 71308
1391293759 71309
1391294049 71325
1391294570 71329
1391294661 71331
1391296569 71348
1391296728 71352
1391296841 71352
1391296924 71353
1391296997 71354
1391297142 71358
1391297247 71359
1391297445 71361
1391297517 71362
1391297637 71363
1391297756 71366
1391297828 71367
1391297912 71369
1391298042 71370
1391298601 71374
1391298968 71382
1391299121 71385
1391299200 71386
1391299465 71395
1391299531 71398
1391299600 71401
1391299651 71402
1391299702 71403
1391300177 71415
1391300214 71416
1391349280 71417
1391349372 71418
1391353850 71607
1391367568 71609
1391367773 71616
1391367858 71617
1391367902 71618
1391367948 71619
1391367997 71620
1391368065 71621
1391368123 71622
1391368469 71643
1391368511 71644
1391368709 71645
1391368873 71647
1391368927 71647
1391368944 71648
1391369024 71653
1391369143 71655
1391369198 71664
1391369321 71667
1391369878 71669
1391370028 71670
1391370134 71671
1391437737 71707
1391438224 71725
1391438350 71726
1391438652 71730
1391447161 71889
1391447228 71890
1391447275 71891
1391447306 71893
1391447435 71894
1391447523 71895
1391447652 71895
1391447743 71896
1391447757 71897
1391447960 71901
1391447996 71902
1391448131 71903
1391448218 71904
1391448422 71906
1391448481 71907
1391448527 71908
1391448714 71912
1391448805 71914
1391448963 71916
1391449018 71917
1391449383 71945
1391449443 71947
1391449524 71949
1391449606 71952
1391449672 71955
1391449785 71959
1391449977 71964
1391450236 71965
1391450427 71975
1391450500 71977
1391450877 71997
1391451100 72016
1391536145 72066
1391536422 72128
1391536577 72130
1391536628 72131
1391536671 72132
1391536718 72133
1391537141 72161
1391537554 72172
1391538202 72173
1391538374 72174
1391538507 72178
1391538864 72182
1391539027 72183
1391539089 72183
1391539178 72184
1391540166 72252
1391540333 72255
1391540376 72256
1391540619 72257
1391540764 72258
1391544201 72307
1391544253 72308
1391544378 72309
1391544471 72311
1391544813 72343
1391544882 72344
1391545041 72345
1391545367 72351
1391545431 72355
1391545463 72356
1391545804 72360
1391545967 72371
1391546257 72380
1391546424 72381
1391546557 72382
1391546745 72385
1391546789 72387
1391546874 72389
1391546987 72390
1391547054 72393
1391547457 72399
1391547489 72400
1391547546 72401
1391547773 72406
1391547970 72407
1391548045 72408
1391548423 72409
1391548552 72410
1391548731 72411
1391548963 72418
1391549032 72420
1391549104 72421
1391549308 72429
1391549357 72430
1391549449 72431
1391549852 72435
1391622579 72509
1391622677 72511
1391622745 72513
1391622918 72515
1391623081 72516
1392057934 72538
1392058258 73441
1392058478 73443
1392058509 73444
1392059290 73462
1394468075 73463
1394468189 73464
1394468242 73465
1394468639 73475
1394468959 73482
1394469051 73485
1394469189 73492
1394469284 73493
1394470237 73506
1394470390 73508
1394470423 73509
1394470722 73510
1394470838 73511
1394471236 73520
1394471523 73528
1394471570 73529
1394484977 73535
1394485590 73538
1395014707 73572
1395015063 73606
1395015623 73645
1395015865 73648
1395015936 73649
1395016156 73653
1395017252 73695
1395017814 73731
1395018905 73787
1395018965 73788
1395019330 73788
1395082324 73832
1395082772 73873
1395083032 73874
1395085436 73915
1395086855 73955
1395097544 73999
1395098156 74043
1395136663 74075
1395136829 74077
1395136935 74078
1395136989 74079
1395137130 74082
1395137220 74083
1395137426 74084
1395137476 74085
1395137654 74087
1395137742 74089
1395137779 74090
1395237652 74103
1395237892 74106
1395237937 74108
1395237998 74109
1395238055 74111
1395238250 74113
1395238422 74116
1395239168 74171
1395239257 74175
1395239327 74180
1395239386 74183
1395239480 74184
1395239656 74199
1395239751 74200
1395239791 74201
1395240266 74205
1395240378 74206
1395240460 74208
1395240492 74210
1395240522 74212
1395240617 74214
1395240655 74215
1395240755 74216
1395242174 74219
1395242248 74222
1395242294 74223
1395242459 74224
1395242639 74227
1395242915 74236
1395243241 74257
1395243297 74258
1395243683 74272
1395243869 74276
1395244006 74278
1395244128 74279
1395244207 74281
1395279761 74286
1395279863 74287
1395280007 74290
1395280840 74323
1395282621 74370
1395282675 74371
1395284034 74408
1395284102 74409
1395285539 74452
1395285799 74521
1395285881 74556
1395285985 74560
1395286006 74563
1395286378 74602
1395286587 74615
1395286640 74652
1395286937 74689
1395288417 74690
1395288486 74691
1395288571 74692
1395288835 74693
1395289172 74694
1395338570 74741
1395340395 74779
1395341682 74820
1395342839 74861
1395343334 74899
1395343526 74900
1395343607 74901
1395344071 74902
1395344152 74903
1395344224 74906
1395350612 74946
1395350737 74947
1395352369 74988
1395352488 74990
1395405817 75026
1395407153 75027
1395407197 75028
1395407616 75050
1395407721 75051
1395407764 75052
1395407850 75053
1395407988 75056
1395408622 75180
1395408987 75202
1395409051 75203
1395417979 75226
1395488438 75314
1395488507 75316
1395500536 75380
1395500660 75382
1395500684 75383
1395500764 75384
1395500829 75391
1395500957 75394
1395501032 75396
1395501077 75397
1395501446 75404
1395501518 75406
1395501561 75407
1395501624 75409
1395501708 75410
1395501790 75411
1395501855 75415
1395501880 75416
1395502891 75449
1395502930 75450
1395503052 75451
1395503126 75452
1395503196 75453
1395503286 75456
1395506287 75601
1395506461 75612
1395506568 75621
1395509048 75628
1395509132 75629
1395509361 75632
1395509404 75633
1395509470 75634
1395510955 75681
1395511123 75682
1395512675 75750
1395519357 75751
1395526232 76541
1395526338 76542
1395526379 76543
1395526416 76544
1395526446 76545
1395526482 76546
1395526734 76547
1395527223 76550
1395572617 76718
1395572761 76719
1395572829 76720
1395573755 76803
1395573797 76804
1395573849 76805
1395573929 76806
1395574324 76813
1395575610 76837
1395575694 76838
1395575734 76839
1395575789 76840
1395575842 76843
1395575939 76844
1395575962 76845
1395575987 76846
1395576059 76848
1395576240 76851
1395576269 76852
1395576285 76853
1395576514 76864
1395576565 76865
1395576784 76866
1395576876 76868
1395577028 76869
1395578405 76960
1395578449 76961
1395578527 76977
1395584374 77156
1395584420 77157
1395584468 77158
1395584515 77160
1395584546 77161
